115
197
59
72
51
151
45
162
161
123
127
194
135
70
6
154
158
53
100
97
152
74
125
87
172
129
92
57
91
179
169
185
8
39
165
40
119
95
21
7
164
58
71
27
107
90
174
187
81
98
196
17
157
188
85
50
113
175
171
88
16
56
13
31
38
168
145
78
82
25
44
120
2
1
75
150
101
86
26
121
99
19
189
124
167
128
111
33
37
15
186
23
137
76
183
89
83
114
64
73
132
144
155
14
138
32
3
106
52
55
178
49
102
61
62
9
148
12
130
94
182
136
180
173
133
79
63
122
80
176
66
141
109
118
60
46
0
153
170
143
117
93
140
36
67
108
18
134
20
199
69
163
68
198
139
110
191
142
41
193
159
22
195
146
103
34
181
192
160
48
30
54
147
104
177
10
190
4
112
156
29
126
84
184
28
11
35
166
24
131
149
77
105
47
65
116
43
42
5
96
115
