180
158
53
121
99
19
189
94
130
12
124
111
167
128
9
62
61
155
144
49
32
138
8
165
39
107
90
27
71
164
7
21
132
73
64
114
23
76
183
89
83
186
15
148
33
37
102
14
178
3
106
52
55
179
91
196
169
174
187
81
157
31
56
188
13
168
145
78
82
44
120
25
16
88
171
175
113
50
85
38
17
98
119
40
185
57
92
129
87
74
152
1
101
150
26
100
97
125
2
75
86
136
182
63
79
133
161
162
72
118
59
51
141
60
46
68
140
93
117
0
170
143
153
137
176
66
109
151
45
194
6
70
135
173
154
127
29
156
112
4
11
184
28
166
77
116
65
105
47
149
24
131
43
96
41
193
159
103
146
22
195
192
160
54
30
147
104
190
10
177
48
34
181
42
5
115
198
139
110
163
69
108
67
36
18
199
20
134
142
191
197
35
84
126
123
80
122
172
95
58
180
