79
61
36
7
78
175
142
46
162
80
190
105
193
30
196
108
42
156
27
38
16
197
1
24
198
117
151
131
121
116
51
120
125
90
191
178
133
44
122
135
32
102
92
96
63
72
100
40
107
17
10
115
71
67
98
118
74
85
134
147
192
150
6
188
65
169
126
132
13
161
70
84
155
184
53
152
170
140
4
149
101
28
59
20
199
9
183
174
55
83
181
95
130
99
22
179
66
94
60
23
148
47
154
57
172
52
185
86
166
194
88
113
26
103
114
76
48
93
75
137
127
165
89
163
187
146
186
153
129
180
176
64
110
128
106
119
159
143
124
62
18
34
167
189
69
3
15
145
195
168
43
2
25
158
112
19
31
54
164
73
173
136
45
5
123
177
21
87
8
171
157
104
56
144
33
138
182
139
11
49
160
39
29
12
0
109
35
37
41
111
68
82
58
50
14
81
77
97
141
91
79
