11
139
182
138
157
171
177
123
25
158
112
19
131
121
116
51
98
118
74
85
134
2
43
168
195
126
13
145
15
3
70
161
132
169
65
188
6
150
192
147
71
67
120
125
90
191
178
115
10
133
44
122
72
17
107
40
100
63
96
32
135
102
92
38
27
16
197
1
24
151
173
73
164
54
31
193
117
198
30
156
42
196
108
80
190
105
136
162
46
175
78
142
45
5
7
36
61
79
91
141
77
97
146
187
165
127
114
137
75
93
76
48
166
194
88
176
180
113
26
103
89
163
129
186
153
119
159
143
106
124
128
64
86
110
181
95
130
99
22
185
179
52
172
57
66
94
154
47
148
60
23
20
59
28
101
149
4
199
9
140
183
174
83
62
18
55
34
170
152
53
184
84
155
167
189
69
29
39
12
0
109
35
37
111
41
81
14
50
58
21
87
82
68
8
104
56
144
160
33
49
11
