103
163
129
106
143
159
119
186
153
81
14
50
41
37
35
109
0
29
11
139
43
2
85
134
126
168
195
145
15
3
70
161
13
132
169
188
65
6
150
192
147
67
120
71
191
90
125
131
178
115
10
133
44
72
17
107
40
100
122
135
32
96
102
63
92
38
27
16
1
197
24
156
42
108
196
30
198
117
151
54
193
31
164
73
105
190
80
136
173
19
112
121
158
116
51
98
118
74
182
138
49
33
160
39
12
111
68
144
56
104
8
157
171
25
177
123
5
45
162
46
142
175
78
7
36
61
79
91
141
21
87
82
58
77
97
146
187
165
89
127
137
114
75
93
76
48
57
172
179
22
99
130
95
181
183
9
199
148
66
94
154
47
60
23
20
59
28
101
149
4
140
174
53
152
184
155
84
189
167
69
170
34
55
18
83
62
124
128
110
64
86
185
52
166
194
88
176
180
113
26
103
