98
125
143
181
120
52
76
179
57
118
38
80
75
114
79
150
63
78
0
48
54
115
73
44
3
199
185
171
126
195
77
123
13
161
33
41
183
160
40
96
62
83
10
112
2
72
58
101
142
157
50
94
70
128
89
60
67
153
192
16
166
1
27
196
26
182
99
158
122
71
113
145
159
197
110
59
140
11
93
53
187
149
156
8
42
188
43
97
154
191
130
39
137
56
37
165
108
146
180
186
28
47
81
91
151
32
173
198
162
88
95
85
106
172
24
12
23
102
163
111
19
178
127
17
155
121
132
7
35
46
105
104
170
136
138
134
117
51
133
103
141
14
25
90
144
129
116
100
36
135
92
147
64
87
86
15
190
61
164
177
84
18
168
9
49
34
22
74
176
148
82
21
139
6
131
193
119
174
55
65
152
66
109
167
184
31
69
124
4
20
169
194
29
175
107
68
189
5
30
45
98
