188
85
157
17
196
98
81
187
174
169
91
179
185
40
119
165
39
90
107
27
71
58
164
7
21
95
8
138
14
155
144
132
73
61
9
62
64
114
83
89
183
76
137
23
186
15
148
37
33
102
49
32
106
3
178
52
55
57
129
172
128
167
111
124
12
130
94
125
74
152
19
189
99
182
136
63
122
176
66
141
60
118
197
116
105
43
77
28
184
42
5
96
41
193
191
139
115
198
46
68
0
153
170
143
117
93
140
36
67
108
18
134
20
199
69
163
110
142
159
22
195
146
103
34
192
181
160
48
30
54
147
104
177
10
190
4
112
156
29
126
84
11
35
166
24
123
131
149
47
65
59
72
109
51
162
161
45
151
80
79
133
180
173
194
127
135
70
6
154
158
53
121
97
26
100
86
101
150
75
1
87
2
120
44
25
82
92
145
78
168
38
31
13
16
88
171
175
113
50
56
188
