128
172
125
74
152
19
189
99
121
182
136
180
173
63
122
79
133
151
109
51
80
176
66
141
60
46
68
0
153
170
143
117
93
140
36
67
108
18
134
20
199
69
163
110
191
139
198
115
193
159
142
41
96
5
42
181
195
22
146
103
34
192
160
48
30
54
147
104
177
10
190
4
112
156
29
126
84
184
28
11
35
166
24
131
149
77
43
105
47
65
116
197
118
59
72
45
162
161
123
127
194
135
70
6
154
158
53
86
100
26
97
1
101
150
75
87
2
129
120
44
25
82
92
145
78
168
38
31
13
56
16
88
171
175
113
50
85
188
157
17
196
169
98
81
187
174
90
107
27
71
58
164
7
21
95
40
119
165
39
8
185
179
91
57
55
52
106
178
3
32
138
14
49
102
155
144
132
73
64
114
83
89
183
76
137
23
186
15
61
62
9
33
37
148
12
130
94
124
111
167
128
