43
116
65
47
105
77
149
131
24
166
35
11
28
184
84
126
29
156
112
4
190
10
177
104
147
54
30
48
160
192
181
34
103
146
195
22
159
193
41
142
191
110
139
198
68
163
69
199
20
134
18
108
67
36
140
93
117
143
170
153
0
46
60
118
109
141
66
176
80
122
63
79
133
173
180
136
182
94
130
12
148
9
62
61
102
49
178
55
52
106
3
32
138
14
155
144
132
73
64
114
83
89
183
76
137
23
186
15
37
33
111
128
167
124
189
19
99
121
26
86
101
150
75
1
2
120
44
25
82
78
145
168
38
31
13
56
16
88
171
175
113
50
85
188
157
17
196
98
81
187
174
90
107
27
71
58
164
7
21
95
119
40
165
39
8
185
169
179
91
57
92
129
172
87
125
74
152
97
100
53
158
154
6
70
135
194
127
123
161
162
45
151
51
72
59
197
115
96
5
42
43
