31
85
188
50
56
13
113
175
171
88
16
25
44
120
82
129
92
57
55
52
106
178
3
32
138
14
155
144
102
49
62
9
61
15
64
114
83
186
23
76
89
183
153
0
170
143
117
93
140
36
67
163
69
18
199
20
134
108
110
191
139
198
46
68
115
197
116
105
47
65
77
43
42
5
96
41
193
142
159
195
146
103
22
181
192
160
48
54
30
147
104
177
10
190
4
84
35
11
166
28
184
131
149
24
123
127
194
135
6
154
180
173
158
53
136
182
121
99
189
19
97
1
101
150
75
86
100
26
152
74
125
87
2
172
167
128
111
148
37
33
12
130
124
94
122
79
63
80
176
66
141
51
109
118
59
72
151
45
162
161
133
70
29
156
126
112
34
60
137
73
132
21
7
164
58
71
27
107
90
174
187
81
98
17
196
169
40
119
185
8
165
39
95
91
179
145
168
78
38
157
31
